Put -1, 0, 4, 1, 30, 12, 2, 5, -32 in ascending order.
-32, -1, 0, 1, 2, 4, 5, 12, 30
Sort 93, 35, 0, 5, 2, -3, -1, -2, 4 in descending order.
93, 35, 5, 4, 2, 0, -1, -2, -3
Sort -1, 3, 8, 9, 1064, 2, -3, 5, 7 in increasing order.
-3, -1, 2, 3, 5, 7, 8, 9, 1064
Sort 8, -20, 3, 2, 61, -9, -3, 6, 1 in decreasing order.
61, 8, 6, 3, 2, 1, -3, -9, -20
Sort 4, 8, 3, 66, 2, 1, 751, -4, -3 in descending order.
751, 66, 8, 4, 3, 2, 1, -3, -4
Sort 11, 5, 3, 19, 6, 2, -1, -4, 98 in descending order.
98, 19, 11, 6, 5, 3, 2, -1, -4
Put 32, 4, -3, 3, 6, 55, -4, 80, 2 in ascending order.
-4, -3, 2, 3, 4, 6, 32, 55, 80
Put -2, 4, 5, 1, 2, 0, 6, 58, 122 in descending order.
122, 58, 6, 5, 4, 2, 1, 0, -2
Put 56, -75, 2, 8, -3, -5, 3, 1, 7 in descending order.
56, 8, 7, 3, 2, 1, -3, -5, -75
Sort 0, 1, 33, 19, 5, 11, 2, 87, 3.
0, 1, 2, 3, 5, 11, 19, 33, 87
